0
1
3
5
6
7
8
10
11
12
13
14
15
16
17
18
19
20
21
22
23
24
25
30
32
33
34
35
36
37
38
39
40
41
42
43
44
45
46
47
49
50
51
52
53
54
55
56
57
58
59
64
65
66
67
68
69
70
71
72
73
74
75
76
77
78
79
81
82
83
84
85
86
87
88
93
94
95
96
97
98
99
100
101
102
103
104
105
107
108
110
113
114
115
120
123
220
223
224
225
227
228
229
230
231
232
233
234
235
237
238
239
241
242
244
245
246
247
248
249
250
251
252
253
254
255
256
257
259
260
261
262
264
265
266
267
268
269
270
271
272
273
275
277
278
279
280
281
282
283
284
285
286
287
288
289
290
291
292
293
294
295
296
297
298
299
300
301
302
303
304
305
306
307
309
310
311
312
313
314
316
317
318
319
320
325
326
327
328
329
330
331
332
334
335
336
337
338
339
340
342
344
345
346
347
348
349
350
351
352
355
356
357
358
359
360
363
365
368
370
372
373
374
375
376
377
379
380
381
382
383
384
385
388
389
390
391
392
394
396
397
398
399
401
404
405
406
409
411
412
413
414
416
417
418
419
420
422
424
425
426
427
428
430
431
432
433
436
437
438
439
440
442
443
445
446
448
449
452
453
455
456
457
458
460
462
463
465
468
470
471
472
473
474
477
478
479
482
484
485
490
491
493
494
495
496
497
498
501
502
503
507
508
509
510
511
514
515
516
518
519
521
522
525
529
530
532
533
537
538
539
540
541
542
543
545
546
550
551
553
554
555
556
558
559
561
563
564
565
568
569
572
573
574
577
578
579
580
581
582
583
587
588
589
591
592
595
596
597
598
599
605
608
609
610
612
616
617
618
619
620
621
622
624
625
626
627
628
629
630
634
636
640
641
642
644
647
648
650
651
654
655
656
657
660
661
662
663
664
665
666
669
671
675
676
682
683
684
685
686
687
688
691
694
697
700
704
706
708
709
712
716
719
722
723
724
728
731
732
734
735
738
741
742
745
746
747
748
752
760
763
764
765
767
769
770
771
772
773
777
779
781
783
786
787
788
789
791
792
793
796
797
798
802
804
805
807
809
810
818
819
821
822
823
825
826
827
830
831
833
836
837
840
841
844
847
848
849
851
852
853
854
855
858
861
862
864
874
875
881
883
884
886
889
891
892
894
897
898
901
904
905
906
908
909
912
913
921
922
924
925
926
927
930
934
935
937
938
941
942
945
946
949
950
952
953
954
955
957
958
959
960
964
966
967
968
969
970
971
975
977
983
984
985
986
988
990
992
993
996
997
998
1002
1004
1007
1010
1011
1016
1017
1019
1020
1021
1024
1025
1032
1035
1036
1039
1040
1044
1045
1050
1054
1058
1059
1063
1064
1067
1068
1077
1078
1081
1083
1085
1088
1089
1090
1091
1102
1103
1106
1107
1109
1112
1114
1115
1117
1119
1122
1125
1130
1131
1134
1139
1142
1143
1144
1146
1147
1150
1151
1152
1154
1156
1160
1161
1164
1166
1167
1168
1169
1172
1176
1178
1179
1180
1182
1185
1192
1194
1201
1202
1205
1207
1210
1212
1214
1216
1217
1220
1225
1226
1230
1232
1236
1239
1240
1243
1246
1247
1248
1251
1252
1254
1257
1260
1263
1270
1277
1280
1287
1288
1289
1291
1292
1294
1299
1300
1301
1303
1309
1311
1312
1314
1317
1318
1319
1320
1321
1324
1325
1329
1336
1340
1341
1342
1345
1347
1348
1353
1360
1363
1364
1365
1370
1373
1386
1389
1392
1393
1395
1396
1398
1399
1401
1408
1412
1417
1420
1424
1426
1429
1434
1438
1439
1442
1443
1445
1446
1451
1455
1458
1459
1461
1463
1464
1471
1472
1473
1478
1479
1480
1493
1494
1496
1500
1501
1503
1505
1508
1513
1520
1521
1522
1523
1524
1527
1533
1535
1538
1539
1549
1555
1558
1565
1570
1571
1575
1577
1578
1579
1584
1585
1587
1589
1591
1592
1594
1599
1601
1605
1606
1614
1616
1621
1622
1625
1626
1632
1634
1639
1641
1642
1652
1653
1657
1659
1660
1661
1664
1671
1672
1674
1681
1686
1691
1694
1696
1697
1699
1705
1706
1708
1712
1713
1716
1718
1720
1722
1729
1732
1737
1746
1748
1751
1752
1753
1755
1756
1759
1760
1761
1763
1766
1770
1771
1772
1776
1782
1783
1785
1786
1789
1791
1792
1793
1794
1795
1802
1804
1805
1808
1809
1812
1813
1816
1818
1821
1824
1832
1833
1836
1839
1840
1848
1850
1851
1855
1859
1860
1862
1865
1867
1871
1875
1876
1879
1880
1884
1886
1889
1892
1897
1902
1908
1912
1913
1917
1918
1919
1920
1922
1924
1929
1933
1934
1936
1938
1939
1941
1942
1944
1945
1950
1951
1952
1953
1957
1958
1961
1966
1967
1969
1977
1983
1986
1988
1992
1994
1999
2007
2009
2010
2012
2013
2020
2024
2027
2028
2030
2032
2034
2047
2060
2063
2064
2069
2071
2081
2083
2084
2085
2086
2093
2098
2099
2101
2103
2106
2107
2111
2113
2114
2118
2128
2135
2139
2141
2142
2144
2149
2153
2155
2156
2157
2158
2160
2176
2177
2178
2181
2182
2183
2197
2200
2201
2202
2207
2210
2211
2213
2217
2220
2221
2226
2235
2236
2237
2239
2243
2244
2245
2247
2252
2262
2269
2270
2272
2275
2276
2278
2285
2287
2291
2293
2296
2301
2305
2306
2307
2309
2314
2315
2322
2327
2328
2331
2333
2335
2341
2343
2346
2359
2367
2368
2372
2377
2390
2394
2397
2398
2399
2405
2406
2419
2424
2425
2428
2430
2433
2434
2435
2440
2443
2445
2446
2447
2448
2455
2456
2458
2460
2462
2463
2471
2475
2476
2477
2480
2486
2489
2491
2496
2498
2504
2519
2526
2527
2532
2533
2535
2538
2539
2550
2551
2554
2557
2558
2567
2572
2575
2579
2581
2582
2583
2587
2592
2593
2594
2595
2598
2603
2613
2623
2625
2626
2628
2629
2631
2633
2636
2638
2640
2642
2649
2650
2654
2657
2663
2667
2669
2670
2675
2676
2684
2689
2690
2692
2694
2695
2701
2707
2710
2716
2717
2718
2720
2727
2730
2734
2736
2737
2753
2760
2763
2764
2770
2776
2778
2781
2787
2790
2792
2793
2794
2796
2799
2803
2808
2810
2813
2816
2819
2824
2829
2834
2835
2836
2841
2842
2845
2856
2857
2858
2860
2861
2867
2868
2869
2874
2884
2885
2890
2891
2894
2896
2899
2903
2907
2909
2921
2926
2939
2946
2949
2950
2954
2960
2961
2964
2966
2967
2973
2975
2976
2979
2994
2995
2999
3004
3006
3011
3012
3016
3021
3028
3033
3035
3036
3038
3042
3043
3044
3045
3046
3048
3050
3051
3052
3060
3061
3067
3069
3074
3076
3086
3089
3090
3093
3097
3098
3099
3102
3104
3106
3107
3117
3121
3123
3124
3125
3129
3130
3133
3137
3147
3150
3152
3156
3158
3159
3162
3165
3169
3170
3176
3178
3179
3180
3184
3187
3190
3191
3196
3202
3205
3217
3218
3221
3223
3227
3228
3233
3237
3240
3241
3247
3250
3252
3257
3262
3270
3274
3276
3279
3280
3289
3293
3295
3299
3309
3314
3317
3320
3321
3322
3326
3331
3337
3341
3346
3351
3357
3373
3374
3375
3377
3378
3381
3387
3398
3402
3405
3410
3423
3424
3436
3441
3446
3451
3452
3456
3457
3458
3459
3463
3467
3469
3474
3478
3479
3484
3488
3495
3496
3497
3499
3500
3504
3506
3508
3512
3518
3522
3539
3543
3550
3552
3557
3558
3564
3565
3566
3567
3570
3576
3587
3591
3595
3599
3600
3601
3603
3614
3625
3630
3633
3635
3636
3637
3644
3646
3647
3653
3663
3676
3686
3692
3693
3695
3698
3700
3701
3705
3708
3709
3710
3711
3712
3713
3719
3722
3725
3727
3734
3735
3739
3740
3743
3748
3750
3758
3764
3765
3766
3768
3769
3772
3780
3781
3785
3787
3792
3804
3805
3806
3807
3810
3820
3821
3824
3826
3828
3830
3831
3847
3852
3854
3859
3861
3865
3869
3875
3884
3890
3905
3906
3910
3914
3917
3926
3927
3935
3938
3939
3941
3945
3953
3954
3969
3970
3974
3977
3983
3985
3988
4002
4004
4006
4008
4010
4013
4017
4022
4046
4049
4062
4066
4068
4070
4073
4077
4092
4098
4102
4103
4105
4106
4109
4118
4119
4121
4122
4133
4134
4140
4145
4148
4149
4150
4151
4154
4166
4179
4193
4196
4197
4201
4204
4209
4210
4211
4229
4231
4233
4235
4244
4247
4252
4253
4257
4258
4259
4265
4266
4271
4273
4286
4292
4302
4304
4308
4314
4317
4318
4326
4328
4330
4334
4344
4357
4358
4365
4373
4374
4377
4379
4383
4391
4398
4404
4406
4409
4413
4414
4415
4417
4419
4420
4443
4448
4451
4452
4462
4469
4481
4483
4489
4499
4500
4503
4504
4506
4514
4519
4520
4530
4533
4537
4539
4540
4551
4559
4560
4562
4571
4575
4579
4581
4584
4596
4601
4614
4618
4626
4631
4632
4642
4647
4650
4660
4662
4669
4680
4683
4684
4688
4702
4706
4707
4708
4714
4715
4717
4725
4726
4733
4735
4745
4747
4762
4778
4787
4789
4790
4807
4818
4822
4828
4829
4830
4832
4843
4848
4850
4862
4879
4888
4901
4910
4918
4926
4927
4930
4931
4933
4938
4940
4942
4948
4949
4952
4954
4962
4965
4967
4969
4977
4983
4986
4987
4992
4995
5003
5010
5015
5017
5022
5027
5029
5032
5038
5039
5042
5045
5052
5057
5059
5063
5064
5067
5076
5078
5090
5092
5093
5101
5103
5106
5109
5114
5120
5121
5130
5131
5134
5136
5147
5158
5159
5161
5164
5190
5191
5194
5197
5199
5205
5211
5212
5213
5214
5215
5221
5226
5229
5230
5242
5254
5271
5281
5282
5294
5301
5305
5311
5316
5321
5326
5327
5344
5348
5356
5359
5372
5373
5380
5389
5390
5391
5410
5415
5418
5420
5423
5429
5433
5439
5450
5453
5454
5457
5476
5479
5496
5503
5507
5537
5540
5541
5543
5563
5567
5571
5574
5577
5589
5592
5603
5605
5606
5614
5615
5616
5619
5623
5629
5632
5634
5646
5656
5667
5672
5682
5683
5685
5688
5694
5703
5714
5719
5722
5729
5735
5739
5741
5742
5746
5747
5748
5751
5753
5763
5765
5772
5773
5776
5779
5781
5785
5787
5789
5790
5795
5802
5815
5821
5827
5830
5839
5842
5854
5856
5879
5882
5901
5927
5932
5934
5936
5940
5942
5943
5945
5954
5955
5957
5962
5964
5974
5982
6001
6005
6013
6023
6026
6028
6037
6038
6040
6042
6043
6053
6071
6074
6075
6085
6090
6092
6096
6098
6101
6121
6142
6145
6146
6147
6152
6154
6155
6161
6166
6181
6185
6191
6198
6201
6209
6211
6215
6222
6226
6227
6233
6250
6261
6276
6277
6285
6290
6294
6309
6314
6324
6326
6341
6355
6357
6358
6361
6363
6374
6377
6380
6383
6385
6390
6394
6399
6402
6409
6410
6426
6432
6435
6443
6446
6484
6492
6494
6500
6510
6518
6520
6524
6529
6537
6543
6546
6550
6553
6558
6560
6566
6567
6569
6577
6580
6582
6586
6589
6590
6617
6618
6623
6640
6650
6652
6654
6655
6663
6668
6672
6676
6686
6688
6692
6699
6700
6703
6717
6726
6729
6738
6742
6743
6760
6763
6779
6780
6800
6802
6812
6817
6819
6822
6829
6841
6842
6845
6866
6870
6877
6895
6896
6903
6908
6909
6913
6928
6964
6968
6971
6976
6977
6981
6984
7009
7035
7048
7050
7055
7065
7070
7081
7082
7101
7108
7111
7115
7125
7129
7133
7146
7158
7165
7166
7181
7183
7185
7190
7192
7206
7214
7225
7226
7233
7243
7244
7263
7269
7271
7275
7276
7282
7283
7285
7288
7292
7301
7309
7311
7321
7327
7328
7341
7345
7346
7362
7371
7374
7377
7388
7394
7395
7417
7423
7424
7431
7432
7443
7449
7475
7490
7503
7522
7528
7541
7547
7572
7581
7586
7599
7610
7612
7615
7617
7622
7623
7629
7645
7652
7653
7655
7664
7668
7686
7691
7692
7699
7705
7723
7747
7751
7771
7774
7797
7819
7833
7835
7844
7846
7856
7873
7911
7922
7936
7940
7942
8014
8024
8027
8036
8059
8088
8099
8102
8110
8115
8122
8127
8138
8159
8176
8177
8185
8189
8196
8197
8199
8200
8202
8209
8245
8252
8262
8264
8267
8307
8318
8327
8336
8338
8351
8368
8379
8389
8390
8400
8406
8410
8417
8465
8476
8477
8483
8485
8486
8494
8513
8524
8526
8543
8559
8571
8572
8597
8602
8604
8606
8607
8609
8618
8619
8620
8625
8632
8634
8647
8655
8663
8671
8679
8680
8688
8696
8703
8705
8707
8714
8725
8738
8747
8750
8758
8760
8767
8768
8794
8814
8829
8846
8858
8875
8899
8901
8907
8915
8980
9000
9005
9030
9064
9067
9073
9077
9078
9079
9085
9094
9107
9114
9125
9126
9134
9136
9139
9140
9142
9169
9171
9173
9176
9179
9191
9194
9207
9208
9212
9216
9221
9222
9234
9235
9265
9284
9290
9295
9313
9323
9331
9340
9342
9348
9350
9390
9410
9421
9450
9451
9458
9471
9482
9485
9513
9526
9530
9532
9539
9546
9561
9584
9587
9588
9622
9627
9629
9646
9651
9660
9674
9676
9683
9691
9701
9706
9710
9712
9723
9725
9765
9766
9773
9791
9793
9804
9807
9819
9821
9846
9868
9880
9895
9922
9926
9943
9965
9974
9985
9987
10000
10008
10010
10042
10046
10060
10095
10103
10104
10137
10150
10170
10174
10183
10184
10191
10209
10215
10223
10224
10231
10237
10255
10265
10288
10294
10297
10318
10325
10332
10336
10341
10352
10353
10354
10360
10362
10371
10419
10454
10455
10466
10476
10486
10500
10507
10509
10511
10517
10527
10529
10536
10549
10550
10554
10579
10602
10635
10640
10650
10661
10671
10683
10685
10696
10709
10712
10714
10730
10732
10734
10757
10759
10768
10786
10792
10800
10813
10815
10820
10822
10829
10844
10846
10884
10888
10895
10897
10905
10934
10996
11001
11020
11031
11032
11065
11079
11096
11105
11108
11118
11120
11146
11149
11164
11167
11199
11205
11228
11243
11254
11255
11270
11282
11286
11291
11307
11314
11323
11341
11365
11393
11396
11403
11405
11440
11444
11453
11491
11496
11500
11501
11502
11507
11511
11529
11531
11541
11552
11584
11608
11626
11637
11661
11665
11677
11679
11681
11688
11695
11700
11711
11730
11755
11762
11781
11790
11802
11809
11814
11816
11817
11820
11828
11844
11894
11901
11905
11918
11923
11934
11938
11943
11980
11999
12004
12031
12051
12070
12078
12091
12104
12112
12120
12169
12176
12194
12199
12201
12206
12224
12232
12250
12257
12274
12303
12308
12322
12352
12353
12356
12372
12384
12391
12393
12402
12405
12418
12442
12446
12451
12452
12470
12484
12490
12497
12499
12516
12527
12529
12581
12586
12596
12629
12632
12638
12671
12675
12681
12702
12733
12747
12781
12791
12795
12796
12805
12816
12830
12845
12851
12859
12864
12870
12892
12912
12934
12938
12962
12967
12975
12988
12997
13005
13014
13020
13025
13067
13069
13078
13081
13162
13195
13212
13217
13225
13251
13267
13278
13286
13305
13328
13394
13403
13406
13408
13410
13435
13442
13476
13496
13498
13512
13515
13516
13520
13524
13530
13534
13559
13577
13589
13604
13606
13614
13632
13650
13668
13690
13713
13731
13733
13738
13848
13849
13850
13867
13872
13879
13881
13908
13911
13915
13926
13937
13966
13973
13979
14008
14012
14034
14041
14049
14061
14066
14071
14074
14117
14136
14149
14152
14165
14172
14177
14183
14199
14257
14258
14312
14316
14322
14335
14342
14357
14360
14412
14436
14439
14441
14492
14505
14519
14532
14560
14578
14583
14590
14592
14598
14602
14627
14645
14646
14664
14670
14685
14697
14701
14731
14752
14770
14792
14796
14819
14881
14904
14935
14938
14956
15014
15029
15038
15050
15091
15095
15104
15111
15142
15161
15167
15176
15206
15207
15209
15215
15234
15252
15258
15272
15276
15295
15303
15310
15313
15335
15354
15357
15360
15406
15411
15423
15431
15454
15456
15459
15462
15488
15497
15516
15538
15541
15560
15576
15628
15652
15683
15688
15690
15705
15723
15783
15790
15798
15816
15818
15830
15836
15869
15872
15875
15893
15899
15901
15919
15930
15947
15952
15953
15975
15988
16019
16026
16034
16038
16073
16099
16116
16132
16169
16176
16218
16223
16257
16342
16369
16401
16414
16431
16439
16461
16463
16505
16508
16537
16554
16581
16675
16689
16740
16745
16749
16772
16794
16796
16802
16805
16819
16824
16827
16833
16835
16879
16885
16896
16931
16935
16938
17001
17039
17057
17078
17079
17098
17141
17142
17158
17169
17178
17182
17211
17220
17221
17227
17237
17243
17246
17254
17267
17316
17328
17357
17377
17385
17393
17424
17436
17438
17470
17518
17546
17580
17593
17602
17604
17644
17698
17718
17755
17786
17799
17810
17844
17845
17863
17882
17892
17901
17906
17937
17966
17984
18027
18036
18063
18079
18105
18118
18133
18136
18165
18168
18193
18223
18240
18249
18251
18256
18267
18275
18277
18281
18298
18345
18353
18356
18396
18401
18406
18407
18439
18452
18469
18525
18569
18577
18585
18605
18610
18621
18657
18668
18676
18692
18696
18703
18758
18761
18796
18809
18819
18837
18860
18880
18882
18891
18897
18926
18954
18980
18996
19000
19008
19009
19020
19022
19025
19045
19083
19096
19100
19152
19155
19159
19160
19170
19190
19225
19228
19262
19265
19287
19295
19301
19337
19435
19455
19472
19520
19530
19552
19558
19564
19575
19584
19588
19590
19607
19684
19685
19768
19803
19834
19872
19894
19901
19920
19927
19929
19949
20006
20018
20021
20033
20049
20057
20067
20074
20100
20131
20138
20139
20178
20202
20212
20240
20252
20263
20270
20300
20343
20371
20399
20419
20422
20467
20473
20479
20515
20534
20551
20552
20579
20594
20595
20641
20658
20755
20761
20781
20828
20829
20902
20941
20946
20958
21021
21050
21055
21074
21115
21122
21123
21132
21137
21159
21190
21191
21216
21231
21248
21262
21280
21299
21304
21322
21352
21364
21390
21391
21440
21441
21454
21455
21491
21493
21494
21497
21541
21548
21568
21578
21585
21590
21643
21682
21722
21753
21763
21778
21787
21790
21800
21813
21825
21840
21848
21857
21874
21883
21885
21913
21981
22030
22032
22038
22051
22072
22083
22102
22104
22147
22173
22178
22229
22233
22246
22270
22314
22332
22375
22396
22449
22458
22459
22464
22473
22475
22493
22547
22549
22574
22592
22628
22660
22716
22737
22779
22785
22845
22846
22849
22864
22892
22917
22938
22955
22957
22993
23040
23043
23093
23157
23188
23194
23205
23232
23251
23315
23317
23332
23361
23372
23397
23401
23403
23409
23510
23523
23541
23568
23678
23744
23748
23819
23875
23919
23925
24015
24025
24064
24085
24119
24202
24218
24231
24253
24257
24269
24321
24419
24467
24513
24566
24570
24638
24640
24668
24684
24697
24731
24755
24761
24819
24822
24830
24870
24906
24999
25006
25049
25063
25095
25183
25185
25202
25224
25228
25235
25241
25259
25276
25279
25331
25336
25348
25394
25411
25423
25451
25461
25525
25560
25609
25615
25619
25639
25659
25734
25743
25758
25762
25848
25931
25933
25934
25936
25970
25998
26002
26005
26040
26050
26061
26166
26203
26207
26235
26305
26338
26348
26369
26370
26407
26536
26548
26550
26582
26597
26648
26674
26680
26692
26705
26713
26738
26762
26794
26861
26880
26881
26896
26943
26954
26956
26967
27061
27099
27102
27170
27178
27259
27269
27302
27332
27375
27393
27432
27461
27471
27490
27529
27547
27580
27583
27592
27612
27625
27676
27685
27689
27692
27695
27710
27718
27850
27855
27870
27904
27984
28037
28086
28126
28215
28240
28267
28276
28293
28349
28372
28411
28437
28459
28460
28506
28530
28575
28656
28674
28692
28722
28743
28774
28789
28862
28866
28925
28930
28936
29027
29113
29114
29124
29155
29171
29175
29224
29234
29246
29248
29300
29302
29318
29331
29357
29367
29403
29415
29431
29511
29530
29541
29581
29660
29695
29702
29732
29752
29778
29779
29797
29821
29845
29850
29879
29882
29991
30026
30031
30092
30131
30140
30143
30189
30207
30282
30283
30338
30401
30439
30519
30602
30604
30620
30635
30673
30693
30727
30744
30774
30861
30906
30908
30926
30970
31066
31072
31118
31135
31154
31169
31208
31239
31254
31265
31281
31291
31321
31376
31421
31428
31455
31498
31516
31537
31576
31626
31636
31637
31655
31665
31681
31722
31730
31859
31862
31881
31883
31909
31913
31945
31946
31970
32008
32023
32042
32052
32090
32096
32104
32137
32167
32169
32196
32244
32254
32348
32356
32363
32364
32372
32377
32409
32441
32599
32604
32699
32700
32726
32757
32776
32779
32812
32818
32889
32907
32925
32944
32996
33047
33115
33144
33191
33237
33244
33274
33279
33292
33304
33314
33387
33391
33403
33409
33432
33465
33497
33534
33538
33542
33614
33629
33710
33782
33795
33891
33926
33937
34000
34026
34213
34280
34368
34419
34428
34436
34466
34493
34559
34569
34636
34649
34724
34819
34840
34914
34927
34936
34963
34979
35015
35023
35024
35035
35040
35066
35069
35082
35083
35097
35260
35293
35329
35372
35425
35442
35461
35464
35549
35551
35618
35730
35801
35807
35867
35905
35951
36007
36092
36117
36141
36158
36167
36189
36205
36225
36228
36309
36353
36391
36464
36508
36569
36622
36649
36672
36763
36774
36780
36788
36866
36965
37023
37127
37139
37177
37180
37252
37307
37356
37369
37370
37409
37434
37451
37482
37509
37573
37611
37642
37660
37787
37825
37830
37841
37866
37880
37917
37942
37968
38026
38033
38078
38097
38099
38118
38123
38169
38180
38221
38249
38326
38373
38422
38495
38539
38547
38561
38566
38593
38634
38677
38683
38691
38705
38741
38750
38762
38781
38797
39138
39189
39206
39260
39294
39337
39372
39392
39407
39435
39438
39459
39544
39663
39804
39839
39873
39939
39974
39975
40166
40185
40220
40275
40305
40343
40364
40382
40406
40604
40613
40683
40702
40737
40768
40827
40832
40848
40876
40905
40934
40971
40974
41050
41070
41075
41090
41261
41394
41605
41654
41656
41797
41834
41858
41859
41881
42013
42070
42077
42152
42376
42510
42559
42601
42649
42670
42772
42779
42821
42844
42908
43006
43088
43135
43152
43255
43280
43329
43331
43372
43374
43435
43571
43679
43697
43728
43831
43840
43856
43860
43864
43904
44043
44160
44226
44306
44406
44433
44500
44514
44538
44609
44621
44625
44672
44720
44868
44989
45119
45122
45264
45273
45295
45299
45301
45324
45366
45459
45563
45573
45634
45651
45667
45696
45760
45862
45868
45927
45938
45949
45973
46015
46061
46087
46113
46140
46164
46168
46394
46408
46440
46451
46505
46758
46759
46793
46831
46842
46868
46897
46899
46955
46960
47030
47070
47142
47204
47217
47419
47489
47520
47537
47554
47556
47591
47610
47621
47791
47798
47892
47943
48024
48057
48077
48090
48143
48177
48211
48261
48268
48297
48354
48383
48449
48501
48521
48528
48600
48613
48690
48709
48711
48804
48810
48848
48879
48999
49029
49104
49120
49146
49218
49253
49258
49316
49340
49417
49571
49585
49788
49938
50000
50068
50126
50162
50193
50208
50257
